2020|11|20|1|9|	20050.0|1
2020|11|20|3|1|	84460.0|1
2020|11|20|5|2|	19708.0|1
2020|11|20|9|7|	32088.0|1
2020|11|20|10|6|	35408.0|1
2020|12|06|1|8|	39313.0|2
2020|12|06|3|8|	34381.0|1
2020|12|06|4|1|	13474.0|1
2020|12|06|4|2|	95852.0|1
2020|12|06|4|9|	13166.0|1
2020|12|06|5|9|	67259.0|1
2020|12|06|6|8|	62016.0|1
2020|12|06|7|1|	65571.0|1
2020|12|06|7|6|	441.0|1
2020|12|06|8|4|	86337.0|1
2020|12|13|1|1|	33247.0|1
2020|12|13|1|6|	16553.0|2
2020|12|13|1|7|	86742.0|1
2020|12|13|4|1|	89629.0|1
2020|12|13|4|8|	120.0|1
2020|12|13|5|9|	55710.0|1
2020|12|13|7|7|	63437.0|1
2020|12|13|8|1|	53804.0|1
2020|12|13|8|3|	4838.0|1
2020|12|13|8|7|	57675.0|1
2020|12|13|9|5|	66251.0|1
2020|12|13|9|7|	25412.0|1
2020|12|13|9|8|	41850.0|1
