1,2,0	|0,530
1,4,0	|0,44521
1,10,0	|0,187647
2,4,0	|0,34125
2,6,1	|59314,0
2,7,0	|0,685
2,8,0	|0,22119
2,9,0	|0,15089
3,3,0	|0,4244
3,9,0	|0,5961
4,2,0	|0,146312
4,3,0	|0,551
4,6,0	|0,4535
4,7,0	|0,129339
4,8,0	|0,89525
4,10,0	|0,61471
5,1,0	|0,115737
5,2,0	|0,84333
5,3,0	|0,42244
5,6,0	|0,51872
5,10,0	|0,44205
6,2,0	|0,69141
6,3,0	|0,75228
6,5,0	|0,57387
6,8,0	|0,2001
6,8,1	|32512,0
6,9,0	|0,35170
6,10,0	|0,88536
7,4,0	|0,35915
7,7,1	|45914,0
7,8,0	|0,159990
8,1,0	|0,77335
8,6,0	|0,94600
8,7,0	|0,68094
8,8,0	|0,48368
8,8,1	|27136,0
8,9,0	|0,51578
9,3,0	|0,141712
9,7,1	|108006,0
9,9,0	|0,54902
9,10,0	|0,195474
10,1,0	|0,43686
10,10,0	|0,33950
